0.0
34.69769454023612
89.05219028809535
148.38681064777424
213.20627781224513
284.0759662419604
361.63110884890324
446.5878008493567
539.7562424898239
642.0567938854315
754.5395944180784
878.4087453686536
1015.0523972837964
1166.0805678405027
1333.3732108965874
1519.1420720491515
1726.0113759825297
1957.1246859775065
2216.288847561759
2508.1716352154162
2838.5791163344684
3214.8547495524904
3646.470581204
4127.369343755892
4627.369325347467
5127.369166636893
5627.369549783023
6127.369470849862
6627.369029253562
7127.369077017983
7627.36932747999
8127.36911744073
8627.369058566916
9127.368560623298
9627.368436111103
10130.738492149389
10639.059031761151
11150.663974896599
11666.84572581645
12189.400258051815
12720.821376097127
13264.56526304698
13825.40662391173
14409.91352378332
15027.075830934065
15689.102443228585
16412.39939765617
17218.699886880706
18136.227829321986
19200.668160854882
20455.54005275747
21951.40209523507
23743.294678378978
25886.0432694542
28427.705985367527
31402.360558873042
34824.16852223166
38684.65566717498
43313.01098211951
